0.0285176098004 9.93328157718e-06
0.102960132999 6.98388276994e-06
0.0622105813773 7.61243221924e-06
0.0429466553284 1.32693772629e-05
0.0381004006623 8.62981941465e-05
0.028223921947 6.98388276994e-06
0.045149012993 0.000105136928106
0.0305909612337 7.33307690844e-06
0.0458411021439 7.3358882569e-06
0.094798878384 8.55525639318e-06
0.0857139378075 6.98388276994e-06
0.0686208141637 7.12356042534e-06
0.0531646918186 7.16875025503e-06
0.0601934244415 9.43323667574e-06
0.0817755102131 7.8994031617e-06
0.0536550339199 1.01535062833e-05
0.0426437841713 7.92868245433e-05
0.0424688696904 6.98388276994e-06
0.0705629352607 7.18475947754e-06
0.0472925481941 6.98388276994e-06
0.066635769106 7.08209362139e-06
0.0807709446166 6.98388276994e-06
0.0367451231443 1.13341997035e-05
0.0151006037572 7.31478612645e-06
0.051630139387 7.55529136021e-06
0.106672179386 6.98388276994e-06
0.0418352693121 1.12580190251e-05
0.112655404528 6.98388276994e-06
0.0588212023239 6.98388276994e-06
0.077284477339 7.88205864521e-06
0.0840951068412 9.83810379953e-06
0.0389586220538 6.98388276994e-06
0.107086152344 6.98388276994e-06
0.113295274413 6.98388276994e-06
0.0788372195637 7.57346747964e-06
0.0971779640301 6.98388276994e-06
0.0856346590545 1.4999064263e-05
0.0305909612337 7.35719960827e-06
0.115024141642 6.98388276994e-06
0.0431927937379 1.01266300164e-05
0.0942699693076 6.98388276994e-06
0.0207483007954 1.4840537479e-05
0.0264574644744 3.1316610566e-05
0.112499373927 6.98388276994e-06
0.123606410925 6.98388276994e-06
0.0432295877105 6.98388276994e-06
0.03480113596 0.000285182132198
0.109544586829 6.98388276994e-06
0.089022569213 3.34454308702e-05
0.148735068512 6.98388276994e-06
0.0379936709093 1.55507492876e-05
0.0705795524746 8.82408753084e-06
0.0814550175371 1.25693457194e-05
0.116347126366 6.98388276994e-06
0.0412465985787 6.98388276994e-06
0.0291989341208 6.98388276994e-06
0.0966244244882 6.98388276994e-06
0.105261578306 6.98388276994e-06
0.0305909612337 7.34755773165e-06
0.0459412235051 6.98388276994e-06
0.0388037491692 3.52693638049e-05
0.0572714953625 7.10712776e-06
0.0305909612337 7.34232028269e-06
0.0830404069924 1.37158085384e-05
0.103727184539 6.98388276994e-06
0.050996458943 7.61243221924e-06
0.0388052972269 7.16799725419e-06
0.0351637296732 1.17005480451e-05
0.0320265380545 6.98388276994e-06
0.0183989140331 2.20673759212e-05
0.00980233618707 9.0814880702e-06
0.0296055652444 9.39129212709e-06
0.0821020842556 1.04459075528e-05
0.0352526057559 8.36934685401e-06
0.0323069086642 6.98388276994e-06
0.0472051595554 7.29056290883e-06
0.0548687793331 7.46958007167e-06
0.0716864383608 7.1138388873e-05
0.0606267422339 6.98388276994e-06
0.128258830776 6.98388276994e-06
0.0401249379485 1.22712281859e-05
0.0542758528787 1.3782830482e-05
0.0938392182351 6.98388276994e-06
0.0305909612337 7.33307690844e-06
0.0509296527357 6.98388276994e-06
0.0925709319063 6.98388276994e-06
0.0546587031341 1.78834305896e-05
0.015096152904 9.40995095743e-06
0.0259479351878 6.98388276994e-06
0.028223921947 6.98388276994e-06
0.0298002009157 7.26958706508e-06
0.0401657968473 7.27175149155e-06
0.0241371303786 7.32056045119e-06
0.0298002009157 7.26958706508e-06
0.0742900035559 8.08384430621e-06
0.0286564388037 6.98388276994e-06
0.135721403169 6.98388276994e-06
0.0551384780407 6.98388276994e-06
0.0341590587499 7.24577837381e-06
0.115476329346 6.98388276994e-06
0.0548055584156 7.60204297214e-06
0.0336390102239 7.55142693449e-06
0.0305909612337 8.00278643991e-06
0.0734464834991 7.65220694468e-06
0.111621900962 6.98388276994e-06
0.0305909612337 7.33307690844e-06
0.0555055047502 1.16980036397e-05
0.0308588219145 1.70495419777e-05
0.0279292599159 0.000114568235011
0.090294496885 6.98388276994e-06
0.134165849889 6.98388276994e-06
0.0937333869556 6.98388276994e-06
0.010301530963 8.01975904845e-06
0.0995186559723 6.98388276994e-06
0.0753525242883 6.98388276994e-06
0.0348851766988 7.1450492954e-06
0.0263505633014 8.37614177738e-06
0.0513668808202 7.46738234632e-06
0.0778909204088 1.09912685681e-05
0.0482373953162 0.0033247737554
0.117495450268 6.98388276994e-06
0.0736060891626 6.98388276994e-06
0.0236610077014 1.50023472641e-05
0.0583754014569 6.98388276994e-06
0.0535529432183 2.36862791281e-05
0.0540826396194 1.40791577655e-05
0.0443340050571 6.98388276994e-06
0.0148594829545 7.31478612645e-06
0.107690352637 6.98388276994e-06
0.110347624105 6.98388276994e-06
0.133351604936 6.98388276994e-06
0.0360046822511 1.68747920059e-05
0.0653758083217 7.29056290883e-06
0.0305909612337 7.34961768342e-06
0.0324544938471 7.22232409012e-06
0.0437158819721 1.29609533849e-05
0.105016944024 6.98388276994e-06
0.0856655298629 6.98388276994e-06
0.0305909612337 7.33307690844e-06
0.0577593179539 6.98388276994e-06
0.0615758919515 6.98388276994e-06
0.0213585194262 7.82301426614e-06
0.110846145148 6.98388276994e-06
0.101729204417 6.98388276994e-06
0.0390994586055 7.65202723898e-06
0.0782497086422 6.98388276994e-06
0.0992311881568 6.98388276994e-06
0.0630391207397 7.88181055465e-06
0.104242987898 6.98388276994e-06
0.0510546538898 6.98388276994e-06
0.102543194619 8.14121632265e-06
0.100275590817 6.98388276994e-06
0.0493319041529 8.89581329912e-06
0.0883485165152 6.98388276994e-06
0.0610741034524 7.39525209056e-06
0.128031630331 6.98388276994e-06
0.128127942141 6.98388276994e-06
0.0816691181702 1.26049424717e-05
0.0763132323464 6.98388276994e-06
0.0339157934786 7.67032560167e-06
0.112283649484 8.63163669779e-06
0.0955659540721 6.98388276994e-06
0.0158028816709 1.83189209187e-05
0.122336530277 6.98388276994e-06
0.105383023331 6.98388276994e-06
0.0915759668061 7.16799725419e-06
0.0530381412743 1.34321112984e-05
0.0275273655306 9.46434753158e-06
0.0540850895329 9.1683221502e-06
0.0381998700969 2.6258440715e-05
0.039973161554 1.10409213535e-05
0.0305909612337 7.40378872148e-06
0.0451474094962 1.47035273642e-05
0.0421778929648 1.68206302129e-05
0.028223921947 6.98388276994e-06
0.0801511130754 1.24143760944e-05
0.101834448555 7.76956958156e-06
0.103975012545 6.98388276994e-06
0.0462940070934 7.58126447795e-06
0.0281181246158 1.32693772629e-05
0.0793684206676 7.2571651392e-06
0.0298002009157 7.26958706508e-06
0.109787864883 6.98388276994e-06
0.028223921947 6.98388276994e-06
0.0472352408727 1.11391879212e-05
0.0336667214802 0.000117949488197
0.101465364273 2.6977472907e-05
0.0789885970099 6.98388276994e-06
0.03160784933 8.29008490024e-06
0.0279576445263 9.45318417789e-06
0.0989624713665 6.98388276994e-06
0.109211907967 8.1461271356e-06
0.156622786994 6.98388276994e-06
0.028223921947 6.98388276994e-06
0.110510473984 6.98388276994e-06
0.0116007990128 8.24098166853e-06
0.0606060214402 7.12149953666e-06
0.049043348536 6.98388276994e-06
0.0286734267479 0.000432338538108
0.0227532499037 7.90152116456e-06
0.0809651698846 0.000242341158493
0.0469211024133 6.98388276994e-06
0.0509691253659 9.99611320433e-06
0.0305909612337 7.33307690844e-06
0.0305909612337 3.22493924595e-05
0.0305909612337 7.76713232159e-06
0.0590493665892 1.53645420939e-05
0.022741797359 8.24098166853e-06
0.0211177549077 7.46768899516e-06
0.0579067900641 0.000401730519719
0.169973188842 6.98388276994e-06
0.110104629318 6.98388276994e-06
0.051765376214 7.42952044172e-06
0.0913721373477 6.98388276994e-06
0.0229064437485 7.81000325707e-06
0.0731172635872 1.35627398968e-05
0.102766312538 6.98388276994e-06
0.0196436298025 4.61780682029e-05
0.0791704913991 7.51863704948e-06
0.0958484782257 9.73398961372e-06
0.12685183519 7.98365868732e-06
0.07729434928 1.32693772629e-05
0.0323390961273 7.17232068343e-06
0.0359089560813 7.28651768997e-06
0.106022403536 7.16799725419e-06
0.0489550336468 6.98388276994e-06
0.0300490457014 0.000427592574415
0.0875993735592 7.13353740073e-06
0.0954952902306 6.98388276994e-06
0.0305909612337 7.33307690844e-06
0.0881366453345 6.98388276994e-06
0.0783375239883 6.98388276994e-06
0.0994888672919 6.98388276994e-06
0.0636806117007 7.11785244423e-06
0.0533577385138 6.98388276994e-06
0.016830394298 1.36783938886e-05
0.0123882036369 2.22042868204e-05
0.0867430139146 6.98388276994e-06
0.0747700132149 1.29540582112e-05
0.0822206876135 7.2571651392e-06
0.0579586737031 6.98388276994e-06
0.0246574571554 7.38437625947e-06
0.0382420465676 2.07776623459e-05
0.0563894803796 7.27175149155e-06
0.0305909612337 7.34170147904e-06
0.0176911765046 6.98388276994e-06
0.0521241124813 1.25534604608e-05
0.0699693780773 8.0551978709e-06
0.0377856664349 7.88181055465e-06
0.0305909612337 7.33307690844e-06
0.0998962545254 9.31155739055e-06
0.0305909612337 7.34349796e-06
0.0912124155712 8.55525639318e-06
0.0883639680274 6.98388276994e-06
0.0289170322999 9.40143204316e-06
0.0596233085111 6.98388276994e-06
0.12101822247 6.98388276994e-06
0.0305909612337 7.64735163309e-06
0.0919737357399 6.98388276994e-06
0.107949653678 6.98388276994e-06
0.0461664403159 1.1812654911e-05
0.0683650834851 7.71656356751e-06
0.0295745603289 9.40143204316e-06
0.106203241194 2.75549865426e-05
0.032079418644 6.98388276994e-06
0.0383178915588 6.98388276994e-06
0.0677081719594 1.21876875147e-05
0.04770999027 1.05293615563e-05
0.0298002009157 7.27470646684e-06
0.0305909612337 7.33307690844e-06
0.105896158423 6.98388276994e-06
0.0934409516626 6.98388276994e-06
0.176974882803 6.98388276994e-06
0.106438276557 6.98388276994e-06
0.154240600898 6.98388276994e-06
0.0572866922386 1.20194614649e-05
0.107798181718 6.98388276994e-06
0.0363400099724 8.31733251837e-06
0.100029860166 6.98388276994e-06
0.0987433288618 6.98388276994e-06
0.134348660892 1.55381988617e-05
0.0520941090259 6.98388276994e-06
0.102646183469 6.98388276994e-06
0.0316343113107 1.22646655823e-05
0.112671442626 6.98388276994e-06
0.0301088463641 1.77193568702e-05
0.044233525271 7.3358882569e-06
0.125666891785 6.98388276994e-06
0.023959771923 7.46738234632e-06
0.0518445129777 7.27175149155e-06
0.175730252255 1.37903664359e-05
0.0195518880235 7.31478612645e-06
0.0761475627959 1.29930705572e-05
0.165019449221 6.98388276994e-06
0.0305909612337 7.54213062464e-06
0.0153049235047 7.31478612645e-06
0.110305094458 6.98388276994e-06
0.0430911616415 1.22646058777e-05
0.104263064575 6.98388276994e-06
0.0305909612337 7.63672830492e-06
0.0996109036982 6.98388276994e-06
0.109780839485 6.98388276994e-06
0.113629051376 1.36703645785e-05
0.0277450676816 1.04866879176e-05
0.0383647303105 1.60374184029e-05
0.0377619343636 6.98388276994e-06
0.0426766986775 0.000185356720558
0.0908957897019 6.98388276994e-06
0.0318424148175 7.34176499227e-06
0.0702185815068 7.16799725419e-06
0.0305909612337 7.51981681397e-06
0.0274899728943 9.07904760092e-06
0.037819015071 8.47098587286e-06
0.0305909612337 7.35210798899e-06
0.0305909612337 7.62053710257e-06
0.0862530819197 2.74798039272e-05
0.103453494881 6.98388276994e-06
0.0645591285147 7.16799725419e-06
0.0640713013035 7.2571651392e-06
0.0847045750415 6.98388276994e-06
0.028223921947 6.98388276994e-06
0.028223921947 6.98388276994e-06
0.0524033319675 7.39432947998e-05
0.0251925870572 8.17810394992e-06
0.0556880122038 6.98388276994e-06
0.0877675541361 6.98388276994e-06
0.113668387288 6.98388276994e-06
0.0280363945929 1.19414356035e-05
0.065264857242 6.98388276994e-06
0.0347244960668 8.00812124459e-06
0.0667844672244 7.2571651392e-06
0.0371702720878 1.33853865837e-05
0.0909355312401 1.27378483553e-05
0.0298002009157 7.26958706508e-06
0.0336701110866 7.4783835333e-06
0.111963283681 1.10782453852e-05
0.0682391361805 1.13897207399e-05
0.0537168828833 0.000240593470354
0.0204950899937 7.53954533158e-06
0.117961190047 8.78776618281e-06
0.0944214645056 8.47776887291e-06
0.102766474543 6.98388276994e-06
0.0268313340963 6.98388276994e-06
0.0974328377001 6.98388276994e-06
0.106773536512 6.98388276994e-06
0.0567927407132 7.24265198001e-06
0.0298002009157 7.27373438549e-06
0.0277595672849 7.20405447636e-06
0.0977250315516 1.30713329144e-05
0.112502090368 7.8774899444e-06
0.0848521427239 6.98388276994e-06
0.0790776437156 9.73348732317e-06
0.0270279155777 7.04102362897e-06
0.0341590587499 7.24577837381e-06
0.0766174527643 7.33798745101e-06
0.039504344703 7.7851179743e-06
0.0421714861475 8.17794683149e-06
0.0739320302125 7.13818030042e-06
0.0305909612337 7.3906759626e-06
0.0756719196633 7.53954533158e-06
0.0772491688461 6.98388276994e-06
0.117886567867 6.98388276994e-06
0.0404983061026 9.15699419926e-06
0.026502035671 8.55525639318e-06
0.075696626459 6.98388276994e-06
0.0270279155777 7.2166562439e-06
0.112380394438 6.98388276994e-06
0.0278637722191 1.34144271358e-05
0.0685935254632 7.61243221924e-06
0.0968882736817 6.98388276994e-06
0.053577035797 1.06245000506e-05
0.0390228010212 7.27175149155e-06
0.0461271292554 7.16799725419e-06
0.0241444863387 7.55601282971e-06
0.0274840377358 2.59577937898e-05
0.0669079524917 9.97779329478e-06
0.0579067900641 6.98388276994e-06
0.0843868079566 1.32693772629e-05
0.0173548607989 7.71629167714e-06
0.0557914684654 9.2314007543e-06
0.115625143133 6.98388276994e-06
0.0296661782087 6.98388276994e-06
0.02632884162 1.32693772629e-05
0.0756719196633 8.30043883541e-06
0.0790351761069 7.12952985083e-06
0.0305909612337 7.33307690844e-06
0.0199625839972 1.64196072409e-05
0.107566841447 6.98388276994e-06
0.0332253298969 6.98388276994e-06
0.0956525820984 6.98388276994e-06
0.096508897556 3.88488385367e-05
0.0149553694113 7.31478612645e-06
0.0357529922286 2.11520535861e-05
0.0692671282759 6.98388276994e-06
0.110903064308 1.30798455734e-05
0.117411215956 6.98388276994e-06
0.0298002009157 7.26958706508e-06
0.040327738262 6.98388276994e-06
0.0298002009157 7.26958706508e-06
0.0572023111595 7.8774899444e-06
0.0237178322593 8.32279574334e-06
0.0889029913895 0.000379622789649
0.101721485178 6.98388276994e-06
0.0777637136158 6.98388276994e-06
0.102266176695 6.98388276994e-06
0.115379071857 6.98388276994e-06
0.0428540342331 7.36824211363e-06
0.0461657498371 6.98388276994e-06
0.102119700984 7.3358882569e-06
0.0240881860355 0.00345470199064
0.0589217049283 7.6226339566e-06
0.0528967057878 8.49239125773e-06
0.117009689753 1.73221207484e-05
0.102159984543 6.98388276994e-06
0.0304186650882 1.17563855509e-05
0.117743193858 6.98388276994e-06
0.0342943240768 7.57956246165e-06
0.159383386399 6.98388276994e-06
0.028223921947 6.98388276994e-06
0.0958366734233 1.30304384906e-05
0.0612169480172 1.30891114417e-05
0.0976176711413 6.98388276994e-06
0.110083526087 6.98388276994e-06
0.118919602336 1.02700315953e-05
0.104761598571 6.98388276994e-06
0.0809976045068 6.98388276994e-06
0.0631746667383 6.98388276994e-06
0.0974479235774 8.93905422324e-06
0.101046063526 7.46738234632e-06
0.0867970429068 7.68227104694e-06
0.0260445351189 7.61379488183e-06
0.110442210214 6.98388276994e-06
0.0832628480464 1.10094717301e-05
0.0305909612337 7.50834113606e-06
0.0782834872988 1.52999667278e-05
0.0298002009157 7.35529835362e-06
0.109626836849 6.98388276994e-06
0.0693314880442 7.12052395457e-06
0.0656565590284 2.81738633195e-05
0.142311201557 6.98388276994e-06
0.111282029746 6.98388276994e-06
0.0829813475202 9.25204798631e-06
0.0338012862327 8.49430278704e-05
0.103251361484 6.98388276994e-06
0.0435465302172 7.56966971917e-06
0.0572582670845 0.000379622789649
0.0211967577898 7.71629167714e-06
0.0959710059676 6.98388276994e-06
0.0489222730396 6.98388276994e-06
0.0305909612337 7.33307690844e-06
0.0953949269087 6.98388276994e-06
0.0476050443091 7.5267209307e-06
0.0728634661657 6.98388276994e-06
0.0945077329148 6.98388276994e-06
0.075026461988 0.000400377686271
0.124460580933 6.98388276994e-06
0.0691448066811 7.3358882569e-06
0.086539435265 7.54243674827e-06
0.0402409712269 1.55665688976e-05
0.0359089560813 6.98388276994e-06
0.0442758665157 8.24098166853e-06
0.0703462419688 6.98388276994e-06
0.0939907245077 6.98388276994e-06
0.0631114702277 1.64121245094e-05
0.0305909612337 7.38134052687e-06
0.102813333778 6.98388276994e-06
0.0459419688965 1.75893431576e-05
0.0289588285284 1.04057006327e-05
0.0484467947882 8.10381920974e-06
0.0206853845576 0.000190725309734
0.167804963476 6.98388276994e-06
0.0322631731307 1.25168349782e-05
0.0401942303666 9.62153130147e-06
0.0840036407078 6.98388276994e-06
0.0807904487695 6.98388276994e-06
0.0305909612337 7.5245769149e-06
0.0988194106082 6.98388276994e-06
0.0226173957149 1.01266300164e-05
0.0279987221325 1.34785797224e-05
0.0594351989149 6.98388276994e-06
0.0630930388076 1.28526820212e-05
0.0305909612337 7.5694688085e-06
0.0572649409894 1.01566908079e-05
0.028223921947 6.98388276994e-06
0.121872288342 7.54458158973e-06
0.043320567667 9.02532631546e-06
0.0959193103514 6.98388276994e-06
0.019248340936 6.98388276994e-06
0.062834904677 7.24265198001e-06
0.028223921947 6.98388276994e-06
0.0497946870224 7.16181343947e-06
0.037009000292 1.00243070143e-05
0.0305909612337 7.33307690844e-06
0.0211989975881 7.27175149155e-06
0.028223921947 6.98388276994e-06
0.0347721081524 1.44379055441e-05
0.111496324552 6.98388276994e-06
0.0742194784335 6.98388276994e-06
0.0901727934267 8.70237292892e-06
0.0980036033548 6.98388276994e-06
0.0242278088125 7.02910215478e-06
0.119689767094 6.98388276994e-06
0.0345651841853 6.98388276994e-06
0.0486304973751 8.24098166853e-06
0.108079984002 6.98388276994e-06
0.0928397488465 6.98388276994e-06
0.0536343031673 0.000156759800833
0.0189221254876 1.32693772629e-05
0.102707605308 6.98388276994e-06
0.0371097630623 7.9103643404e-06
0.0305909612337 7.33307690844e-06
0.0542634637779 1.40663567244e-05
0.0274483328502 6.35770770408e-05
0.0905140786498 6.98388276994e-06
0.0412410083424 1.73088007067e-05
0.0305909612337 7.33307690844e-06
0.10544239229 9.62701818303e-06
0.037585424669 1.10545612488e-05
0.063573079774 1.38407858532e-05
0.0862523175778 7.3358882569e-06
0.0305909612337 7.33307690844e-06
0.039214701562 8.15828753047e-06
0.0601726679517 6.98388276994e-06
0.0305909612337 7.33307690844e-06
0.105102497028 6.98388276994e-06
0.101550927748 6.98388276994e-06
0.117720188662 6.98388276994e-06
0.0851589275445 1.05121765256e-05
0.0305909612337 7.52564182391e-06
0.0891699776828 6.98388276994e-06
0.105865881739 6.98388276994e-06
0.00688233760722 6.98388276994e-06
0.102177532543 6.98388276994e-06
0.0583302070316 1.46412274721e-05
0.113003860959 6.98388276994e-06
0.100568380719 6.98388276994e-06
0.140902565392 6.98388276994e-06
0.121771754336 6.98388276994e-06
0.100484307592 6.98388276994e-06
0.0353711624184 8.55525639318e-06
0.091706118752 6.98388276994e-06
0.0559633176531 2.83310006819e-05
0.103165934116 0.000379622789649
0.0277739927026 6.98388276994e-06
0.0298002009157 7.3223703283e-06
0.0407304261158 1.01886700841e-05
0.0298002009157 7.28183153487e-06
0.0256663289681 2.81618263936e-05
0.0411576337801 1.13313497942e-05
0.028223921947 6.98388276994e-06
0.17585038812 6.98388276994e-06
0.105187894069 6.98388276994e-06
0.0576340975515 7.11953661848e-06
0.130561375396 6.98388276994e-06
0.0419121687538 1.47826200863e-05
0.0391417865078 6.98388276994e-06
0.0229784366021 1.44236671826e-05
0.155003896004 6.98388276994e-06
0.0623973968127 6.98388276994e-06
0.028223921947 6.98388276994e-06
0.0723970136675 7.19339925304e-06
0.0478808038676 7.37959085785e-06
0.0321748204488 1.55037460281e-05
0.0553104062103 0.00209269129782
0.0471961303946 6.98388276994e-06
0.039057997613 6.98388276994e-06
0.0680201423508 1.55381988617e-05
0.0467508300515 7.46738234632e-06
0.121297554104 6.98388276994e-06
0.0828034170299 1.24840238921e-05
0.1237041141 6.98388276994e-06
0.0271748411245 0.000182393817178
0.0458387763446 6.98388276994e-06
0.0554579830042 6.98388276994e-06
0.0897836515967 6.98388276994e-06
0.0217774723368 9.81348802419e-06
0.0645258504699 1.7611524478e-05
0.0781920033116 7.20948949881e-06
0.015171948711 1.33197887256e-05
0.0380686818558 6.98388276994e-06
0.0674656056856 3.20332317518e-05
0.0305909612337 7.35111948849e-06
0.0520670652606 3.07828521045e-05
0.115433889688 8.53536659407e-06
0.0305909612337 7.40221779095e-06
0.0305909612337 7.34384907555e-06
0.140446782939 6.98388276994e-06
0.0319713806195 7.16799725419e-06
0.0555279104317 1.30338621808e-05
0.035315641288 7.99711832829e-06
0.0532399736039 0.000379622789649
0.0858691977227 7.43284666229e-06
0.0617843692663 7.1834964631e-06
0.045535596907 8.55525639318e-06
0.028223921947 6.98388276994e-06
0.028223921947 6.98388276994e-06
0.0305909612337 7.33307690844e-06
0.0305909612337 7.35556852606e-06
0.0329567446798 6.98388276994e-06
0.0305909612337 7.33307690844e-06
0.0125486175226 6.98388276994e-06
0.0384344730495 1.09727542751e-05
0.028223921947 6.98388276994e-06
0.0530687179025 1.38187412327e-05
0.160980403861 5.64094830417e-05
0.0911659522823 6.98388276994e-06
0.124978851294 6.98388276994e-06
0.040147155982 1.07210766548e-05
0.102225240295 6.98388276994e-06
0.0269941476776 6.98388276994e-06
0.0357551848189 1.28695761338e-05
0.119818788237 6.98388276994e-06
0.0810879157044 7.26516776666e-06
0.0831177749069 1.04038726843e-05
0.0429544422011 8.03146518543e-06
0.0537191729393 7.3358882569e-06
0.0974442600844 1.94204568252e-05
0.102809331605 6.98388276994e-06
0.0298002009157 7.26958706508e-06
0.0349233378766 1.10745094647e-05
0.086343404421 7.39050304964e-06
0.109955201734 6.98388276994e-06
0.0645710177863 1.05314804017e-05
0.0305909612337 7.34129289762e-06
0.0558088240562 3.36032782874e-05
0.028223921947 6.98388276994e-06
0.0595330848443 1.49080162569e-05
0.114963149062 6.98388276994e-06
0.0929652833151 6.98388276994e-06
0.015079109644 7.31478612645e-06
0.0298002009157 7.28189432702e-06
0.0187899102509 0.00209398348805
0.11307499385 6.98388276994e-06
0.108904363538 6.98388276994e-06
0.0298002009157 7.26958706508e-06
0.116230393278 6.98388276994e-06
0.113506576387 6.98388276994e-06
0.0666298410285 2.93160558986e-05
0.0502377219961 7.90501162831e-06
0.101238214967 1.04675907675e-05
0.0665173510308 7.11761669532e-06
0.0264062754032 7.4546582235e-06
0.0369590157742 7.91317358254e-06
0.0959287995138 6.98388276994e-06
0.0147768748183 7.31478612645e-06
0.0577764354184 2.28459190179e-05
0.028223921947 6.98388276994e-06
0.0158492355981 7.38869993938e-06
0.0332471989393 7.99979263396e-06
0.0196206190218 7.67032560167e-06
0.0629501331195 7.80492548808e-06
0.0305909612337 7.35445349661e-06
0.0146990304881 7.46738234632e-06
0.0347927595039 2.0296289251e-05
0.123132163449 6.98388276994e-06
0.0432455216582 7.27175149155e-06
0.0327974513834 1.25693457194e-05
0.117400159823 6.98388276994e-06
0.106429862674 6.98388276994e-06
0.0366562215932 1.40878380055e-05
0.0612807710649 6.98388276994e-06
0.108871171297 1.54308171225e-05
0.0687774289141 7.99917586965e-05
0.0657374036176 7.16799725419e-06
0.035293885532 6.98388276994e-06
0.0280560257208 1.73342330885e-05
0.0379394410779 7.51105512307e-06
0.104541467435 6.98388276994e-06
0.0138494173597 8.00410565009e-06
0.134254933014 6.98388276994e-06
0.0276426502873 7.16799725419e-06
0.0298002009157 7.93721199641e-06
0.128883346142 6.98388276994e-06
0.028223921947 6.98388276994e-06
0.123068734354 6.98388276994e-06
0.13176067805 6.98388276994e-06
0.0505647545776 6.98388276994e-06
0.0286315192106 1.71749049507e-05
0.0382858423449 1.37931684706e-05
0.0243624186057 8.33769352131e-06
0.035297487385 8.99375951539e-06
0.0332434910812 1.17193701847e-05
0.0384309417994 6.98388276994e-06
0.0283574171041 6.98388276994e-06
0.115130647928 6.98388276994e-06
0.0544428735921 1.15941542561e-05
0.0945279570299 7.16799725419e-06
0.0886294166565 6.98388276994e-06
0.0811536811549 6.98388276994e-06
0.0571896694789 6.98388276994e-06
0.118521408863 6.98388276994e-06
0.0305881536913 6.98388276994e-06
0.0306848676029 2.0713210989e-05
0.0470078451046 1.54949691218e-05
0.0298002009157 7.27618024112e-06
0.081725268159 1.02280146704e-05
0.0849464216872 1.3244984272e-05
0.0305909612337 7.33307690844e-06
0.108766752426 7.88181055465e-06
0.0305909612337 7.33307690844e-06
0.0795526173965 6.98388276994e-06
0.0305909612337 7.33307690844e-06
0.0546705823134 0.000388306965937
0.0296921687311 6.98388276994e-06
0.12332289579 6.98388276994e-06
0.0248769692658 8.16744120914e-05
0.0387095859113 6.98388276994e-06
0.047266684342 7.27175149155e-06
0.107428230686 6.98388276994e-06
0.082079955153 1.09428895537e-05
0.0665318229512 1.19900697481e-05
0.105319741034 6.98388276994e-06
0.0464741230069 7.27175149155e-06
0.0960866202401 6.98388276994e-06
0.0346262419712 8.65020997408e-06
0.0967034342689 6.98388276994e-06
0.0542202122792 1.28978057734e-05
0.0657387437172 2.81738633195e-05
0.0973258561678 6.98388276994e-06
0.0291651315982 1.01266300164e-05
0.121690188931 6.98388276994e-06
0.0892169820472 6.98388276994e-06
0.00766423545312 7.61227431419e-06
0.0250699687223 7.67032560167e-06
0.119289068865 6.98388276994e-06
0.111955684877 6.98388276994e-06
0.100351397634 6.98388276994e-06
0.0298002009157 7.35529835362e-06
0.0226768849683 6.98388276994e-06
0.0540255055528 1.24409736317e-05
0.0337599251728 7.68094332907e-06
0.0179502043375 7.56966971917e-06
0.0233584213119 7.1138388873e-05
0.028223921947 6.98388276994e-06
0.0670825597002 7.16799725419e-06
0.0319358810444 1.3966237331e-05
0.0960806260536 6.98388276994e-06
0.0298002009157 7.26958706508e-06
0.0652028026654 7.12052395457e-06
0.0278639168393 1.84961732179e-05
0.113461432079 6.98388276994e-06
0.0687966479602 6.98388276994e-06
0.0274483328502 0.00209295021985
0.0294913897663 9.40143204316e-06
0.0890667665902 7.95265375911e-06
0.10159193542 7.51527273148e-06
0.0784556024099 6.98388276994e-06
0.0305909612337 7.33612515989e-06
0.0175812589103 3.25301790999e-05
0.0299080774396 9.69606077362e-06
0.0128370232848 5.06442894311e-05
0.0699762112048 7.21540704612e-06
0.0574474543693 9.39141763027e-06
0.0481985490235 6.98388276994e-06
0.0440509249363 6.98388276994e-06
0.0305909612337 7.33307690844e-06
0.068976184753 1.7426976491e-05
0.0742319498268 8.34855763703e-06
0.0963245030284 7.3358882569e-06
0.0189741349701 1.68206302129e-05
0.0671307901538 6.98388276994e-06
0.0266074997149 1.60477862136e-05
0.119859037527 9.17997506559e-06
0.021137005834 9.27022821795e-06
0.0943885068912 6.98388276994e-06
0.110482978927 0.000379622789649
0.0305909612337 7.33307690844e-06
0.0359089560813 6.98388276994e-06
0.0609566103336 7.2571651392e-06
0.129118774648 3.65652121556e-05
0.0240656688149 1.01266300164e-05
0.0506424310428 7.35141114137e-06
0.106748281071 6.98388276994e-06
0.0486803936998 7.27175149155e-06
0.0518693719495 1.29437112997e-05
0.0884033988283 6.98388276994e-06
0.0878065334898 6.98388276994e-06
0.0318782091231 8.68589670201e-06
0.0628317482688 7.16799725419e-06
0.0356886531821 1.34213211771e-05
0.109380559797 6.98388276994e-06
0.078963348304 6.98388276994e-06
0.100854260554 6.98388276994e-06
0.0710897215978 6.98388276994e-06
0.0344849574992 7.31884121249e-06
0.0956085684358 6.98388276994e-06
0.0383817148935 1.51828321433e-05
0.0230996590374 1.62760710049e-05
0.0593883832939 3.72006439698e-05
0.0393544519434 3.41616720695e-05
0.0491917201982 6.98388276994e-06
0.0984636950977 6.98388276994e-06
0.0802349086774 6.98388276994e-06
0.115568606421 7.98365868732e-06
0.101248126952 6.98388276994e-06
0.0872402380802 6.98388276994e-06
0.0644531533335 1.60978497847e-05
0.0428361164143 9.57392813134e-06
0.0535817371509 7.10475766404e-06
0.0461583600748 6.98388276994e-06
0.0998755521875 6.98388276994e-06
0.0635664885907 6.98388276994e-06
0.0550904392718 6.98388276994e-06
0.0576227561925 7.1337605257e-06
0.0973033075792 6.98388276994e-06
0.0411826754363 9.82459864249e-06
0.0351154817485 9.42168207032e-06
0.028223921947 6.98388276994e-06
0.0904358061686 6.98388276994e-06
0.0476221292381 8.55525639318e-06
0.0305909612337 7.40035508658e-06
0.0145815785082 1.45527873166e-05
0.0745273768423 8.33779357984e-06
0.0351704071685 7.52100684479e-06
0.0495771143559 1.32693772629e-05
0.0721455964746 7.16799725419e-06
0.0305909612337 7.42899722141e-06
0.0344849574992 7.30072866527e-06
0.0885899692857 6.98388276994e-06
0.0190704206615 6.98388276994e-06
0.0310499038858 9.1156885118e-06
0.0351704071685 7.24577837381e-06
0.133666279536 6.98388276994e-06
0.0305909612337 7.36423628901e-06
0.0107528816478 6.98388276994e-06
0.0311519336504 7.42263541747e-06
0.0305909612337 7.56878295192e-06
0.101912049295 6.98388276994e-06
0.0989280238472 6.98388276994e-06
0.0537239773926 6.98388276994e-06
0.0305909612337 7.33307690844e-06
0.119880162257 6.98388276994e-06
0.0404979228345 0.000719352835298
0.0416815795946 1.17996689187e-05
0.095186045594 6.98388276994e-06
0.0444038516638 7.46728535049e-06
0.0473103583528 1.08657087001e-05
0.098923477364 6.98388276994e-06
0.0886954637346 6.98388276994e-06
0.096042922957 7.3358882569e-06
0.0757314136405 7.81006605768e-06
0.0511202825124 7.51863704948e-06
0.0344849574992 7.78290244867e-06
0.0990769659918 6.98388276994e-06
0.10665929436 6.98388276994e-06
0.0298002009157 7.29231871532e-06
0.106143312983 6.98388276994e-06
0.05207324413 1.01266300164e-05
0.108897467506 6.98388276994e-06
0.0300478472546 6.98388276994e-06
0.100982961181 6.98388276994e-06
0.0861296762447 6.98388276994e-06
0.055501561751 1.0098901516e-05
0.0602116132679 0.000460661779216
0.0323840226648 6.98388276994e-06
0.119900379491 6.98388276994e-06
0.109069990351 6.98388276994e-06
0.0950886825268 7.38826175773e-06
0.0524113631367 2.94378241082e-05
0.0810558585144 6.98388276994e-06
0.0624472643472 1.46941044561e-05
0.0482962559024 0.00024347516424
0.104670505048 6.98388276994e-06
0.0760132298085 1.01345649706e-05
0.0113903932306 1.18789872859e-05
0.0290023455807 6.98388276994e-06
0.0370424413182 8.80443171794e-06
0.0655773943157 7.11483057188e-06
0.0349217444261 6.98388276994e-06
0.0464397542095 7.64388971465e-06
0.103694675616 6.98388276994e-06
0.0705080895269 6.98388276994e-06
0.028223921947 6.98388276994e-06
0.0978949111608 6.98388276994e-06
0.0990428966587 1.02170857856e-05
0.0475938868781 7.76956958156e-06
0.0681913754327 6.98388276994e-06
0.0305909612337 7.41345871301e-06
0.0319288479409 7.55529136021e-06
0.0694458492421 1.17570876808e-05
0.031784005854 7.4610729558e-06
0.0798344107095 1.37961542092e-05
0.0298002009157 7.49212776905e-06
0.075136197527 6.98388276994e-06
0.0431501719033 7.16799725419e-06
0.0431863197361 8.79105704743e-05
0.0431861297474 8.55525639318e-06
0.0406380783878 8.24098166853e-06
0.0270065839147 7.27175149155e-06
0.122543103694 6.98388276994e-06
0.127205888275 6.98388276994e-06
0.0204568699869 8.53327913971e-06
0.0255577168339 6.98388276994e-06
0.111767016742 6.98388276994e-06
0.0305909612337 7.33307690844e-06
0.093402695772 6.98388276994e-06
0.0419388326366 6.98388276994e-06
0.0615191529804 3.54025535197e-05
0.0917270003874 6.98388276994e-06
0.0587583180894 1.4104108058e-05
0.0328074034642 7.84862467538e-06
0.0324952679234 6.98388276994e-06
0.106821974681 6.98388276994e-06
0.0420282501978 8.80350701601e-06
0.111193281199 8.82976675775e-06
0.0276865498957 6.98388276994e-06
0.105498695611 6.98388276994e-06
0.0305909612337 7.4116455896e-06
0.0305909612337 8.52012670951e-06
0.045952269083 7.27175149155e-06
0.0423665282621 6.98388276994e-06
0.0305909612337 7.33307690844e-06
0.0305909612337 7.33307690844e-06
0.110117850923 6.98388276994e-06
0.0481270317636 7.37077400294e-06
0.0403332054775 6.98388276994e-06
0.0144933601241 1.32693772629e-05
0.0305909612337 7.94090707389e-06
0.0605729686748 7.1450492954e-06
0.0399079805654 6.98388276994e-06
0.0419783142041 7.76956958156e-06
0.0565055765551 6.98388276994e-06
0.0553164198076 6.98388276994e-06
0.0450826544397 7.46475709472e-06
0.0560635189109 7.17312684914e-06
0.0305909612337 7.33307690844e-06
0.0496893823272 1.33750447002e-05
0.0792455719829 1.30799278517e-05
0.0756301119905 6.98388276994e-06
0.0298002009157 2.01477964949e-05
0.0219302717518 2.78855351329e-05
0.0116979926181 4.84623539578e-05
0.196924261436 6.98388276994e-06
0.100297520555 6.98388276994e-06
0.049405034036 6.98388276994e-06
0.037361566249 1.20742177622e-05
0.0745625516114 6.98388276994e-06
0.0298002009157 7.2893665932e-06
0.0305909612337 7.35056865193e-06
0.0746341259859 8.46416355255e-06
0.101163171832 6.98388276994e-06
0.0201576777606 7.15921269216e-06
0.0869348847432 6.98388276994e-06
0.101993413865 6.98388276994e-06
0.0460902593883 0.000545599619575
0.050983947098 7.08209362139e-06
0.0390077961438 6.98388276994e-06
0.0846254155821 1.05615866395e-05
0.132759279688 7.76956958156e-06
0.0848881966578 7.77063950355e-06
0.100985143103 6.98388276994e-06
0.0986949084801 6.98388276994e-06
0.116619709238 6.98388276994e-06
0.028223921947 6.98388276994e-06
0.0705441863536 7.5565611124e-06
0.097204096111 6.98388276994e-06
0.0985097225906 6.98388276994e-06
0.029500214554 7.34176499227e-06
0.0305909612337 7.34385144652e-06
0.121868811031 6.98388276994e-06
0.0636993770038 7.46738234632e-06
0.100849290635 6.98388276994e-06
0.028223921947 6.98388276994e-06
0.0305909612337 1.26607498465e-05
0.0154776080775 8.55730955746e-06
0.0993157973813 6.98388276994e-06
0.0298002009157 7.29191445168e-06
0.0396739765493 6.98388276994e-06
0.0947629316204 6.98388276994e-06
0.0635526177457 7.00985588768e-06
0.0305909612337 7.33307690844e-06
0.0124543806046 8.24098166853e-06
0.0285889532923 6.98388276994e-06
0.124462787574 8.5728509898e-06
0.040591804833 6.98388276994e-06
0.053669415478 8.60383275631e-06
0.0305909612337 7.34006663058e-06
0.0568043977547 7.8774899444e-06
0.0263274173016 2.17995694232e-05
0.0745169737859 1.18295886808e-05
0.0335626613716 7.29815749459e-06
0.15159101994 6.98388276994e-06
0.139220142891 6.98388276994e-06
0.0328947193734 8.482098881e-06
0.0393058711237 1.60845317903e-05
0.0322486372128 7.3358882569e-06
0.0780506182993 6.98388276994e-06
0.0508807415861 6.98388276994e-06
0.0325353497025 6.98388276994e-06
0.112108822445 6.98388276994e-06
0.0528540792508 7.61823282087e-06
0.0532206172394 1.30624976628e-05
0.0681272362315 6.98388276994e-06
0.0436871653008 7.46738234632e-06
0.0431772188386 6.98388276994e-06
0.0974082376542 6.98388276994e-06
0.106110353153 6.98388276994e-06
0.104506356878 6.98388276994e-06
0.111795354196 6.98388276994e-06
0.102785451074 9.25382620226e-06
0.082321597816 1.58343792737e-05
0.10458716709 6.98388276994e-06
0.0321286252187 6.98388276994e-06
0.100267453577 6.98388276994e-06
0.0248732632207 1.22696705573e-05
0.0340696261667 1.32693772629e-05
0.0873961879855 6.98388276994e-06
0.0852731063216 1.05056360727e-05
0.0531049039719 8.56072500429e-06
0.108780238072 9.92585006601e-06
0.0434648962156 2.81738633195e-05
0.0756686371296 6.98388276994e-06
0.0728634661657 6.98388276994e-06
0.0431871765643 7.41645800468e-06
0.065886214047 7.17217191107e-06
0.099953533806 6.98388276994e-06
0.0481833241718 1.59536661294e-05
0.0305909612337 7.38737264616e-06
0.0250851975054 1.1985028303e-05
0.0304757113991 1.9658912173e-05
0.0958233886273 6.98388276994e-06
0.0602353652733 1.52635950662e-05
0.0630468186269 5.64094830417e-05
0.0938553788102 7.16799725419e-06
0.0298002009157 7.28639837221e-06
0.0666373269453 6.98388276994e-06
0.0410876533191 2.14816142834e-05
0.106146279429 6.98388276994e-06
0.0298002009157 7.42872840591e-06
0.0359089560813 3.26548573915e-05
0.0294744811201 7.16799725419e-06
0.0296661782087 6.98388276994e-06
0.0314933239141 7.58126447795e-06
0.0362342417145 6.98388276994e-06
0.0620832856635 0.000719352835298
0.0305909612337 7.33307690844e-06
0.116059222134 9.47625002028e-06
0.103290691354 6.98388276994e-06
0.0483911379357 2.12861354254e-05
0.0656504363478 7.2571651392e-06
0.0162915199814 7.6967692717e-06
0.102012851883 6.98388276994e-06
0.128416690165 1.01999034646e-05
0.127644488605 6.98388276994e-06
0.0214187462227 6.98388276994e-06
0.0436392825863 6.98388276994e-06
0.061604634957 1.38187412327e-05
0.0889674749912 6.98388276994e-06
0.0667906868241 8.3014889024e-06
0.130919565595 6.98388276994e-06
0.0336701110866 7.54378655593e-06
0.0304489631242 1.33434244516e-05
0.102783363087 6.98388276994e-06
0.0345962264773 1.21479381413e-05
0.116038292281 9.73004524484e-06
0.09043673433 6.98388276994e-06
0.0562031364296 7.16799725419e-06
0.0917875310482 6.98388276994e-06
0.0174569002234 6.98388276994e-06
0.0305701232888 1.29516937383e-05
0.0878905935925 7.53923627453e-06
0.0983861720946 6.98388276994e-06
0.0272873032571 7.3358882569e-06
0.0421995769304 7.8774899444e-06
0.0848000861023 6.98388276994e-06
0.0493774137557 6.98388276994e-06
0.053336533485 6.98388276994e-06
0.0810161512427 6.98388276994e-06
0.13321681383 6.98388276994e-06
0.0305909612337 7.37408915797e-06
0.118080032842 6.98388276994e-06
0.0244764724036 1.52682351191e-05
0.124617907938 6.98388276994e-06
0.093028700401 9.25112249898e-06
0.0747001111281 7.19692402317e-06
0.0745585835558 6.98388276994e-06
0.0294946139635 6.98388276994e-06
0.028223921947 6.98388276994e-06
0.104761787595 6.98388276994e-06
0.0781251330879 1.07924165576e-05
0.0363049556861 7.3358882569e-06
0.047203277346 0.000221655745585
0.0347721081524 1.01266300164e-05
0.0298002009157 7.304594429e-06
0.0267324642163 1.99487514446e-05
0.0496850694685 1.44236671826e-05
0.0433845221763 6.98388276994e-06
0.0215931577407 2.40577531318e-05
0.0539793448746 1.27291174546e-05
0.101824729707 6.98388276994e-06
0.0244922639355 3.88488385367e-05
0.0842897855931 3.80528293253e-05
0.0476050443091 8.07379380765e-06
0.0385669941733 7.00985588768e-06
0.0237703359902 7.19339925304e-06
0.0305909612337 7.64735163309e-06
0.0439340483041 8.08559801937e-06
0.0264018361168 7.62094563005e-06
0.0946424389717 6.98388276994e-06
0.0305909612337 7.36164733795e-06
0.0730766742672 7.16799725419e-06
0.0298002009157 7.27373438549e-06
0.0467130049065 6.98388276994e-06
0.0943478947601 6.98388276994e-06
0.0369421878253 6.98388276994e-06
0.0573294107314 7.1095926598e-06
0.041706574041 1.1522996202e-05
0.085932243079 6.98388276994e-06
0.0744311947277 4.90415349768e-05
0.101131720654 6.98388276994e-06
0.0746795166029 6.98388276994e-06
0.1149945055 6.98388276994e-06
0.0184384961296 1.47867943285e-05
0.0182895828353 1.1982906389e-05
0.137297006603 6.98388276994e-06
0.133038204653 6.98388276994e-06
0.0240015230914 1.02886842621e-05
0.0345229234823 6.98388276994e-06
0.0996684018927 6.98388276994e-06
0.0709760005282 7.80270376946e-06
0.0810835800926 6.98388276994e-06
0.132078478755 9.35464828542e-06
0.116426405055 6.98388276994e-06
0.100219960799 6.98388276994e-06
0.0911577277095 6.98388276994e-06
0.116900291697 6.98388276994e-06
0.0431455607898 1.02640357221e-05
0.0969071760101 6.98388276994e-06
0.140640367024 6.98388276994e-06
0.102949399405 6.98388276994e-06
0.0233046733661 8.59685157732e-06
0.0793719109893 6.98388276994e-06
0.0298002009157 7.51934641983e-06
0.108913550292 6.98388276994e-06
0.093548562607 6.98388276994e-06
0.0581083757663 8.11670607849e-06
0.0305909612337 7.33307690844e-06
0.04485043706 7.27175149155e-06
0.043858441014 6.98388276994e-06
0.129793551891 8.5334670606e-06
0.0191251824865 1.69135920808e-05
0.0618942539471 7.3389112513e-06
0.12474518426 6.98388276994e-06
0.0464397542095 7.64284867882e-06
0.104363667819 9.30871284745e-06
0.14114268657 6.98388276994e-06
0.0775430862816 7.16799725419e-06
0.0909975094465 7.51863704948e-06
0.0337071125213 6.98388276994e-06
0.0458110544353 7.3358882569e-06
0.0908873509036 6.98388276994e-06
0.0457617223235 8.03146518543e-06
0.112860602396 9.01919974011e-06
0.032630318913 6.98388276994e-06
0.0909785620125 6.98388276994e-06
0.112922389654 6.98388276994e-06
0.111312610393 6.98388276994e-06
0.0387002270181 1.1985028303e-05
0.106815529676 6.98388276994e-06
0.0709832559846 0.000758770144818
0.0298002009157 7.26958706508e-06
0.0829953944771 8.92879985282e-06
0.0296661782087 6.98388276994e-06
0.0305909612337 7.54684086037e-06
0.0568884271417 1.4937409457e-05
0.0997094817952 6.98388276994e-06
0.0462338955508 7.09034303524e-06
0.0298002009157 7.26958706508e-06
0.0996287672739 6.98388276994e-06
0.0754390057438 7.56847771229e-06
0.0298002009157 7.28854244619e-06
0.0305909612337 8.12367277486e-06
0.028223921947 6.98388276994e-06
0.0295454942765 9.40143204316e-06
0.026784010543 0.00237509697557
0.106381412731 6.98388276994e-06
0.01689055892 2.12861354254e-05
0.0894247291563 6.98388276994e-06
0.0911986607267 6.98388276994e-06
0.0735405823337 7.00985588768e-06
0.0186850045052 6.98388276994e-06
0.115954757568 8.69056320867e-06
0.0541808101 7.76651825532e-06
0.0787349908069 6.98388276994e-06
0.13200396289 6.98388276994e-06
0.125255540213 6.98388276994e-06
0.0529267455433 7.29056290883e-06
0.083954186725 7.76956958156e-06
0.0413122266089 1.0503688749e-05
0.0141450564008 1.73400557417e-05
0.117917351348 6.98388276994e-06
0.119032021783 6.98388276994e-06
0.112291746161 6.98388276994e-06
0.0744425384356 1.02670317219e-05
0.0234477102566 0.000675531954798
0.0617689303741 6.98388276994e-06
0.115538838834 6.98388276994e-06
0.116780106327 6.98388276994e-06
0.0187955034036 1.47304568429e-05
0.0404462785194 1.36541558499e-05
0.0298002009157 7.26958706508e-06
0.0299766500019 6.98388276994e-06
0.0670299893503 1.10865108256e-05
0.092163962895 6.98388276994e-06
0.0624308642323 6.98388276994e-06
0.0448453958883 1.1812654911e-05
0.0896831375491 6.98388276994e-06
0.0956093132982 8.35383438217e-06
0.0561493201033 1.4091325992e-05
0.0312362589182 7.1450492954e-06
0.0321343027752 8.31907583988e-06
0.0509373845415 6.98388276994e-06
0.0305909612337 8.59635239292e-06
0.0913090769527 6.98388276994e-06
0.0639230490907 1.15865232438e-05
0.0387297459102 8.7330566934e-06
0.130811697031 6.98388276994e-06
0.028223921947 6.98388276994e-06
0.0305811103157 7.20385793182e-06
0.0265391303469 0.000128007162916
0.0426689455224 0.000281631933846
0.0382008577811 0.000144810864018
0.0661233420193 6.98388276994e-06
0.0701197988422 7.47331423264e-06
0.0298002009157 7.2957490936e-06
0.0441251696182 7.27175149155e-06
0.0462159598786 1.04755319048e-05
0.0298002009157 7.26958706508e-06
0.0484587450449 7.68227104694e-06
0.0305909612337 7.34065803753e-06
0.0305909612337 7.38853715396e-06
0.028223921947 6.98388276994e-06
0.0525147403282 7.10028081611e-06
0.0886042068334 6.98388276994e-06
0.0250538652531 8.20755115213e-06
0.021788922995 2.18374046969e-05
0.0298002009157 7.26958706508e-06
0.0832631124765 6.98388276994e-06
0.0176333976255 7.12766868172e-06
0.115912972809 6.98388276994e-06
0.119826787864 6.98388276994e-06
0.0580375212645 6.98388276994e-06
0.028223921947 6.98388276994e-06
0.0497588995351 0.00012547076352
0.0405942751082 8.24098166853e-06
0.00701673460172 2.32318860342e-05
0.0345624136323 7.28000515407e-06
0.0478021668368 7.3358882569e-06
0.0245901496054 7.75525106793e-06
0.104829440934 6.98388276994e-06
0.0258840855095 1.64450663572e-05
0.0351704071685 8.66034429376e-06
0.0508203400489 7.08209362139e-06
0.143628340675 9.83440926992e-06
0.122831337572 6.98388276994e-06
0.104433668245 6.98388276994e-06
0.0980049088457 6.98388276994e-06
0.0852674040147 7.16799725419e-06
0.031150478642 2.10643581407e-05
0.0324224532413 7.24265198001e-06
0.0771655671556 9.84731134311e-05
0.0403986677755 2.08646964921e-05
0.102774910572 6.98388276994e-06
0.0305909612337 7.33307690844e-06
0.0298002009157 7.26958706508e-06
0.0680391425418 7.50767397769e-06
0.0495348059856 1.06764124637e-05
0.0716148798481 7.8774899444e-06
0.110547098549 6.98388276994e-06
0.0641221590646 7.12412619448e-06
0.0146774083015 7.31478612645e-06
0.125545459034 6.98388276994e-06
0.0305909612337 7.33307690844e-06
0.0305909612337 7.33307690844e-06
0.091768712628 7.1450492954e-06
0.030047828583 7.05258900164e-06
0.0305909612337 7.33307690844e-06
0.077878157731 5.11916426583e-05
0.028223921947 6.98388276994e-06
0.0249448605742 7.4328466623e-06
0.140824493907 8.03515120858e-06
0.0439382715841 1.44402714757e-05
0.0247869043497 1.19938881126e-05
0.028223921947 6.98388276994e-06
0.109811898415 6.98388276994e-06
0.132733412431 6.98388276994e-06
0.0875889874647 1.40949800856e-05
0.0290779293074 1.37931684706e-05
0.0915993622944 6.98388276994e-06
0.083219791219 6.98388276994e-06
0.0948664228938 6.98388276994e-06
0.0528829470848 2.46780857201e-05
0.0477994528832 1.0717765808e-05
0.104365518497 6.98388276994e-06
0.0188811554524 6.98388276994e-06
0.0348640825273 6.98388276994e-06
0.0305909612337 7.33307690844e-06
0.028223921947 6.98388276994e-06
0.0492377647378 2.1648394149e-05
0.0945220668745 6.98388276994e-06
0.0382602672325 7.1530996025e-06
0.100849840021 6.98388276994e-06
0.0797982618336 9.81088830678e-06
0.116092515729 6.98388276994e-06
0.0942818884145 1.07530950978e-05
0.101095919087 9.84119330306e-06
0.0624611066181 3.59745012123e-05
0.100844387386 6.98388276994e-06
0.0675288472365 1.43011829982e-05
0.101812522703 6.98388276994e-06
0.0887918574445 1.30799278517e-05
0.0357313401119 1.61545261428e-05
0.058515827876 2.31098458112e-05
0.0476365506477 5.01079042827e-05
0.0958315990425 6.98388276994e-06
0.0298002009157 7.5267209307e-06
0.0511295441412 0.0002519472614
0.0437670237244 1.37775052597e-05
0.0668076933199 6.98388276994e-06
0.0509039075543 7.24237810572e-06
0.0644324660593 1.10707888331e-05
0.0385181438763 6.98388276994e-06
0.092818429709 6.98388276994e-06
0.0898558200957 6.98388276994e-06
0.0965977749852 6.98388276994e-06
0.118443608478 6.98388276994e-06
0.0320937829456 0.000245682051407
0.0659550077447 1.58994552757e-05
0.113358590478 6.98388276994e-06
0.115999253576 6.98388276994e-06
0.0309384892539 6.98388276994e-06
0.0342063197864 9.44139216402e-06
0.0335626613716 7.82031610636e-06
0.0298002009157 7.26958706508e-06
0.028223921947 6.98388276994e-06
0.0298002009157 7.26958706508e-06
0.0262918261315 6.98388276994e-06
0.028223921947 0.00220772179791
0.0305909612337 7.33307690844e-06
0.093483640504 6.98388276994e-06
0.0158028816709 1.32373693963e-05
0.064471434521 1.02640357221e-05
0.0744540453264 7.29258393497e-06
0.0884025643648 1.28060822419e-05
0.0151320716395 9.57448836164e-06
0.0621380939228 2.78238027749e-05
0.10158328088 6.98388276994e-06
0.0172104126989 1.48801499922e-05
0.0918436150179 6.98388276994e-06
0.127183008957 6.98388276994e-06
0.0205559860143 6.98388276994e-06
0.116245736578 6.98388276994e-06
0.0999350900529 6.98388276994e-06
0.106687686505 6.98388276994e-06
0.0856180103384 6.98388276994e-06
0.035781949029 1.07082351028e-05
0.0920620913638 6.98388276994e-06
0.0246402841241 6.98388276994e-06
0.0305909612337 7.33307690844e-06
0.0305909612337 7.33307690844e-06
0.118482514428 6.98388276994e-06
0.108106804694 6.98388276994e-06
0.0956844502165 6.98388276994e-06
0.0515218136133 2.79775918878e-05
0.0774030098438 9.12098989185e-06
0.0298002009157 7.26958706508e-06
0.102677800193 6.98388276994e-06
0.0473249102202 3.16056999884e-05
0.105988675516 6.98388276994e-06
0.0619615708798 6.98388276994e-06
0.105111215103 6.98388276994e-06
0.0178098696926 3.47484472349e-05
0.119965527894 6.98388276994e-06
0.028223921947 6.98388276994e-06
0.0215851288707 8.20755115213e-06
0.104071620544 6.98388276994e-06
0.10419322769 6.98388276994e-06
0.0309447187499 1.01266300164e-05
0.028223921947 6.98388276994e-06
0.087038473519 9.77472726708e-06
0.028223921947 6.98388276994e-06
0.0136128179953 6.98388276994e-06
0.0397388956286 8.03146518543e-06
0.00550755462814 6.98388276994e-06
0.0600206706638 7.51231533593e-06
0.0351193624087 2.05111426475e-05
0.0186444411231 7.67032560167e-06
0.147780262059 8.373530423e-06
0.0298002009157 7.26958706508e-06
0.0305909612337 7.35526429246e-06
0.0370881791686 0.000379622789649
0.0912192997331 6.98388276994e-06
0.129016084677 6.98388276994e-06
0.0891109409986 6.98388276994e-06
0.0532198558141 7.50441095315e-06
0.00885493999162 2.13868323699e-05
0.0825271537711 6.98388276994e-06
0.0386858642196 7.20040436342e-06
0.0241311920393 8.55525639318e-06
0.0659634249342 7.11483057188e-06
0.0305909612337 7.69114332434e-06
0.11024482829 6.98388276994e-06
0.0305909612337 7.33307690844e-06
0.110637348814 6.98388276994e-06
0.106089447389 6.98388276994e-06
0.0505570998996 9.07904760092e-06
0.0345024752646 9.99533302034e-06
0.0570097926574 7.84715633945e-06
0.0766571284871 8.24098166853e-06
0.0501584961634 6.98388276994e-06
0.0231715998699 6.98388276994e-06
0.0305909612337 7.36164733795e-06
0.035168088571 0.00220615042429
0.0929877222727 6.98388276994e-06
0.0298002009157 7.28185970528e-06
0.0897895356474 6.98388276994e-06
0.0346303246053 9.23618496325e-06
0.120551220014 6.98388276994e-06
0.0231004697835 6.98388276994e-06
0.033802314747 6.98388276994e-06
