0.049996249414 8.25142786112e-06
0.0113573130032 7.90169757252e-06
0.0719759733846 8.09373112588e-06
0.0622283298147 8.16673315028e-06
0.0651376155987 7.79668278776e-06
0.163422188378 1.21876875147e-05
0.0658458904954 8.46923569791e-06
0.0334920104047 1.32694834903e-05
0.0398912016946 0.000105771597291
0.06454040987 1.02886842621e-05
0.165440544605 7.22065758865e-06
0.0787581735576 3.63686126664e-05
0.0344682714026 6.98388276994e-06
0.0866707816113 6.98388276994e-06
0.0512671570935 7.90434535262e-06
0.145184631023 7.24173961701e-06
0.0714119648525 8.030551561e-06
0.0807108399142 8.29052095746e-06
0.137096511194 0.00372668328519
0.068769390008 8.10998522941e-06
0.0668292199495 8.47270196325e-06
0.0677173414483 7.95083397397e-06
0.100968261033 7.6854252121e-06
0.0747636567627 1.02280146704e-05
0.0750240945738 7.97723770857e-06
0.0711138693569 0.000285182132198
0.200965355356 1.10094717301e-05
0.0758274879118 8.03515120858e-06
0.0707011462552 7.88205864521e-06
0.0510389678207 8.57007250796e-06
0.0552620253073 0.000286439231097
0.0630934417936 6.98388276994e-06
0.0365809454425 6.98388276994e-06
0.0703029894297 8.24764480851e-06
0.0349307363905 7.49836167277e-06
0.119627202495 8.78578683516e-06
0.0674466967783 1.65057467084e-05
0.0304465578075 7.2166562439e-06
0.0658277556503 8.01765555371e-06
0.0367806615339 3.72006439698e-05
0.0710818465146 9.09339031645e-06
0.0620971370639 0.000285182132198
0.0673413147534 7.90699302477e-06
0.0512671570935 7.53954533158e-06
0.0541990340444 3.58271408988e-05
0.062131125649 7.94670296838e-06
0.0636950553483 8.28436821282e-06
0.0705667281549 8.79105704743e-05
0.148338528797 0.000117949488197
0.0349539698482 1.06504212242e-05
0.0733746911913 7.84221781056e-06
0.0711713599119 7.9178688815e-06
0.0356091343869 7.35141114137e-06
0.0384253693724 6.98388276994e-06
0.0697529918421 7.91266588887e-06
0.0541920529868 3.13173461798e-05
0.0460231809792 9.94275946924e-06
0.0359150675064 6.98388276994e-06
0.0235067007608 6.98388276994e-06
0.0283564237879 7.17435230003e-06
0.0484608350516 6.98388276994e-06
0.0465300204554 3.52612758524e-05
0.0586826916632 8.29008490024e-06
0.0627551407703 7.9178688815e-06
0.0561279713873 7.13818030042e-06
0.068683191692 3.57622888406e-05
0.0324420671602 2.18447393943e-05
0.0626665718342 8.59685157732e-06
0.0370855648004 6.98388276994e-06
0.0722523808497 8.12203204648e-06
0.0730754806609 6.98388276994e-06
0.0766806839153 6.98388276994e-06
0.0663798927092 7.39525209056e-06
0.0754271224543 8.64868264761e-06
0.0331937911936 7.47224713969e-06
0.0602280921056 8.27886969471e-06
0.211562385441 8.09956655813e-06
0.139079769027 7.1337605257e-06
0.0639902474362 8.13592482565e-06
0.085444428668 1.17950618628e-05
0.0159645243847 9.45318417789e-06
0.0903428665552 2.23670592515e-05
0.0667262557869 8.1062869909e-06
0.0986406076114 3.80528293253e-05
0.0381002987138 3.54025535197e-05
0.0710250276043 8.05394355617e-06
0.0772087335322 7.98694511396e-06
0.0720555832049 8.14552733174e-06
0.0453518115136 0.00209398348805
0.109037672552 8.35378206985e-05
0.0709148904383 7.19594335362e-06
0.0463075664024 0.00038215142895
0.0719390693684 7.45224795141e-06
0.0725242132663 7.05258900164e-06
0.0691369218792 8.12203204648e-06
0.0736998329425 6.98388276994e-06
0.0709091909481 7.91518198319e-06
0.0749235078559 7.94038983519e-06
0.0817152109825 9.07904760092e-06
0.067310235077 7.95528572894e-06
0.0348850949044 7.36517195793e-06
0.0531284867107 7.56655773821e-06
0.155609823445 7.1450492954e-06
0.0536780252655 6.98388276994e-06
0.0729907137121 7.92146313211e-06
0.0682467818643 7.84134578316e-06
0.038695825175 7.16875025503e-06
0.0389890034756 7.39917437037e-06
0.0749697603078 7.82764728947e-06
0.0696802215031 7.92868245433e-05
0.070989672558 7.71283009002e-06
0.0677836589633 8.13118691728e-06
0.0565679644044 0.000285182132198
0.0538807473846 7.4546582235e-06
0.0467322356655 6.98388276994e-06
0.0764869766176 7.88385216101e-06
0.0462627845933 0.000285182132198
0.0561279713873 8.13622342698e-06
0.0408618516301 6.98388276994e-06
0.0666523103573 1.19938881126e-05
0.0837211632632 1.49080162569e-05
0.0672354281228 7.97712621819e-06
0.0386064067491 7.81000325707e-06
0.166080946897 9.97047853454e-06
0.145702225771 1.28771393374e-05
0.00499367125064 6.98388276994e-06
0.0765807838101 6.98388276994e-06
0.063433308632 7.91051644304e-06
0.0180725729672 0.000719352835298
0.039707258241 7.67032560167e-06
0.0737131637639 7.77851337859e-06
0.0636167754731 7.7050233633e-06
0.0313730273628 7.57956246165e-06
0.0784894752043 7.78390332942e-06
0.0109379580865 8.99743398895e-06
0.0722864767748 3.61838087005e-05
0.0670862655089 9.62961547147e-06
0.0615994852151 8.16289616375e-06
0.0624586707586 7.68793197633e-06
0.0292934659382 7.79905022453e-06
0.0717787958281 7.23169951934e-06
0.083183087533 8.08695315352e-06
0.0755652043045 6.98388276994e-06
0.0734058708698 3.55830537216e-05
0.0704225372838 0.000285182132198
0.128527883074 9.07904760092e-06
0.0675304942341 7.95184568991e-06
0.133828560235 3.70600693411e-05
0.0679410776808 7.79562018572e-06
0.0777399757068 5.39614404362e-05
0.0298062342793 7.37077400294e-06
0.0587731297727 7.87610951699e-06
0.10248879475 7.21202967085e-06
0.0816691998986 6.98388276994e-06
0.203443998279 3.80528293253e-05
0.0703588870363 7.94283824566e-06
0.0866707816113 6.98388276994e-06
0.045365311291 1.47304568429e-05
0.0283359618689 7.35708400546e-06
0.0486312828318 7.16875025503e-06
0.070222387249 7.89719574308e-06
0.0728499109937 7.90699302477e-06
0.0584157833517 7.90945920919e-05
0.0252194277532 7.61691385524e-06
0.0931802387873 7.63046522259e-06
0.076705386327 8.030551561e-06
0.0235954755226 1.34164631896e-05
0.018739228215 7.38869993938e-06
0.0723145868066 8.12203204648e-06
0.0422880224414 7.6912420319e-06
0.116834529516 6.98388276994e-06
0.0491840299867 8.97278720712e-06
0.0474030134405 8.03233190699e-06
0.0309201518127 0.00209295021985
0.0258544995357 0.000285182132198
0.0615174912743 3.59350548125e-05
0.0695509083718 9.23996699508e-06
0.0370481843695 0.000719352835298
0.0833348770163 3.71187471036e-05
0.0719012874904 7.53468299049e-06
0.034707642011 7.51105512307e-06
0.036419233582 3.70907476514e-05
0.0719361888816 7.92775738891e-06
0.0333634975625 7.3771101869e-06
0.0739934821201 7.97359730419e-06
0.0406411029849 8.00255450811e-06
0.0370861927142 7.76956958156e-06
0.0487968668148 7.18677854526e-06
0.0762244761483 7.98048767081e-06
0.0636779752916 8.23863112547e-06
0.0741438953484 6.98388276994e-06
0.0113573130032 8.23470435688e-06
0.0640601481804 3.71573852278e-05
0.125628662873 7.37672617575e-06
0.071009729238 9.48323775458e-06
0.0700753086833 7.91282980052e-06
0.0758667600303 7.94210612762e-06
0.0317665559707 8.00812124459e-06
0.0379932840585 7.38320024816e-06
0.0170562498975 7.67032560167e-06
0.0440928473754 6.98388276994e-06
0.0686914862862 1.61665623754e-05
0.0697174208553 8.11532376287e-06
0.0386792253817 3.62969247538e-05
0.0293873646113 0.000285182132198
0.076821652836 7.75428684019e-06
0.0803743393297 1.54186540659e-05
0.0721725572027 7.9256687391e-06
0.0524929398517 7.15773236332e-06
0.135393607013 1.01266300164e-05
0.0624106974608 3.6465837702e-05
0.03643283859 6.98388276994e-06
0.0431747657527 7.58532851594e-06
0.0352804424858 7.1834964631e-06
0.145184631023 7.12356042534e-06
0.0770759144269 8.02845887492e-06
0.100699270365 8.51910094823e-06
0.0689606889241 8.46896488212e-06
0.0349553022278 7.36517195793e-06
0.0128892260566 6.98388276994e-06
0.0766434983395 8.30689103536e-06
0.034916190734 7.17221652037e-06
0.0477055846945 6.98388276994e-06
0.0677636894322 7.67572460696e-06
0.0646001554412 7.99204188862e-06
0.0168772653183 7.76956958156e-06
0.041657576863 7.25682757119e-06
0.161096758355 7.21016865333e-06
0.0640091697991 8.0551978709e-06
0.0866707816113 3.26548573915e-05
0.068609538743 8.23183872432e-06
0.0474030134405 7.53914241526e-06
0.102038298772 1.01266300164e-05
0.0731844779022 8.14586652241e-06
0.0648890913687 8.55525639318e-06
0.0439883649662 6.98388276994e-06
0.193535860762 6.98388276994e-06
0.0719012874904 7.7748437668e-06
0.10494743837 1.61665623754e-05
0.0313026565663 0.000285182132198
0.0673942303001 7.92404980439e-06
0.219888760253 6.98388276994e-06
0.0738489271589 7.66898914083e-06
0.0668328242213 7.94941876273e-06
0.0965805180196 0.000360070734867
0.0562833118371 6.98388276994e-06
0.0737300964126 3.65652121556e-05
0.0669130960529 6.98388276994e-06
0.0647128985606 1.01266300164e-05
0.0784894752043 7.6391285902e-06
0.0609889870068 8.06463410964e-06
0.076821652836 6.98388276994e-06
0.0640740249867 1.06621098466e-05
0.0791081635833 3.61636659834e-05
0.165440544605 7.11761669532e-06
0.0228102689301 6.98388276994e-06
0.195638508558 6.98388276994e-06
0.0725449263302 0.000282591275724
0.0540637231269 0.000285182132198
0.0738407301455 0.000285182132198
0.044133652432 6.98388276994e-06
0.0605779287298 8.11681140989e-06
0.0558716222101 7.39525209056e-06
0.0749641874415 6.98388276994e-06
0.0723938797599 7.84221781056e-06
0.0170204503746 5.06442894311e-05
0.066846945541 6.98388276994e-06
0.0717253575918 7.17900687535e-06
0.135984479029 6.98388276994e-06
0.0354983256629 3.52693638049e-05
0.0309201518127 6.35770770408e-05
0.020014560972 6.98388276994e-06
0.0438436609127 7.67032560167e-06
0.075487864062 8.13574829109e-06
0.0738164202223 8.05120733444e-06
0.0664607939423 8.62827809454e-06
0.0720348649883 7.95528572894e-06
0.0754317793709 4.12150561689e-05
0.0736027250879 6.98388276994e-06
0.0338870514683 8.80443171794e-06
0.0203774998272 8.68589670201e-06
0.0386755423461 7.12766868172e-06
0.0770000763188 6.98388276994e-06
0.0304465578075 7.04102362897e-06
0.0321585429027 6.98388276994e-06
0.0860793237436 9.90772076596e-06
0.0112013452156 2.10643581407e-05
0.0843296471218 1.13404854174e-05
0.0575034227887 8.19515708104e-06
0.0338408175728 7.46091991708e-06
0.0713329932703 7.74411314278e-06
0.0866707816113 7.28651768997e-06
0.0589385520332 1.04793052813e-05
0.0811835744784 6.98388276994e-06
